t = 0.500000
             x          prec          calc          diff    n
  1.000000e+00  5.000000e-01  5.000000e-01  1.554312e-15    0
  1.062500e+00  5.000000e-01  5.000000e-01  5.440093e-15    1
  1.125000e+00  5.000000e-01  5.000000e-01  7.327472e-15    2
  1.187500e+00  5.000000e-01  5.000000e-01  9.992007e-15    3
  1.250000e+00  5.000000e-01  5.000000e-01  1.298961e-14    4
  1.312500e+00  5.000000e-01  5.000000e-01  1.609823e-14    5
  1.375000e+00  5.000000e-01  5.000000e-01  1.898481e-14    6
  1.437500e+00  5.000000e-01  5.000000e-01  2.176037e-14    7
  1.500000e+00  5.000000e-01  5.000000e-01  2.420286e-14    8
  1.562500e+00  5.000000e-01  5.000000e-01  2.653433e-14    9
  1.625000e+00  5.000000e-01  5.000000e-01  2.975398e-14   10
  1.687500e+00  5.000000e-01  5.000000e-01  3.208545e-14   11
  1.750000e+00  5.000000e-01  5.000000e-01  3.441691e-14   12
  1.812500e+00  5.000000e-01  5.000000e-01  3.708145e-14   13
  1.875000e+00  5.000000e-01  5.000000e-01  3.930190e-14   14
  1.937500e+00  5.000000e-01  5.000000e-01  4.185541e-14   15
  2.000000e+00  5.000000e-01  5.000000e-01  4.363176e-14   16
  2.062500e+00  5.000000e-01  5.000000e-01  4.640732e-14   17
  2.125000e+00  5.000000e-01  5.000000e-01  4.751755e-14   18
  2.187500e+00  5.000000e-01  5.000000e-01  4.984901e-14   19
  2.250000e+00  5.000000e-01  5.000000e-01  5.173639e-14   20
  2.312500e+00  5.000000e-01  5.000000e-01  5.351275e-14   21
  2.375000e+00  5.000000e-01  5.000000e-01  5.517808e-14   22
  2.437500e+00  5.000000e-01  5.000000e-01  5.628831e-14   23
  2.500000e+00  5.000000e-01  5.000000e-01  5.750955e-14   24
  2.562500e+00  5.000000e-01  5.000000e-01  5.917489e-14   25
  2.625000e+00  5.000000e-01  5.000000e-01  6.039613e-14   26
  2.687500e+00  5.000000e-01  5.000000e-01  6.084022e-14   27
  2.750000e+00  5.000000e-01  5.000000e-01  6.195044e-14   28
  2.812500e+00  5.000000e-01  5.000000e-01  6.250556e-14   29
  2.875000e+00  5.000000e-01  5.000000e-01  6.261658e-14   30
  2.937500e+00  5.000000e-01  5.000000e-01  6.272760e-14   31
  3.000000e+00  5.000000e-01  5.000000e-01  6.294965e-14   32
  3.062500e+00  5.000000e-01  5.000000e-01  6.317169e-14   33
  3.125000e+00  5.000000e-01  5.000000e-01  6.306067e-14   34
  3.187500e+00  5.000000e-01  5.000000e-01  6.250556e-14   35
  3.250000e+00  5.000000e-01  5.000000e-01  6.206147e-14   36
  3.312500e+00  5.000000e-01  5.000000e-01  6.183942e-14   37
  3.375000e+00  5.000000e-01  5.000000e-01  6.150636e-14   38
  3.437500e+00  5.000000e-01  5.000000e-01  5.995204e-14   39
  3.500000e+00  5.000000e-01  5.000000e-01  5.928591e-14   40
  3.562500e+00  5.000000e-01  5.000000e-01  5.839773e-14   41
  3.625000e+00  5.000000e-01  5.000000e-01  5.551115e-14   42
  3.687500e+00  5.000000e-01  5.000000e-01  5.528911e-14   43
  3.750000e+00  5.000000e-01  5.000000e-01  5.306866e-14   44
  3.812500e+00  5.000000e-01  5.000000e-01  5.151435e-14   45
  3.875000e+00  5.000000e-01  5.000000e-01  4.951595e-14   46
  3.937500e+00  5.000000e-01  5.000000e-01  4.707346e-14   47
  4.000000e+00  5.000000e-01  5.000000e-01  4.574119e-14   48
  4.062500e+00  5.000000e-01  5.000000e-01  4.318768e-14   49
  4.125000e+00  5.000000e-01  5.000000e-01  4.019007e-14   50
  4.187500e+00  5.000000e-01  5.000000e-01  3.819167e-14   51
  4.250000e+00  5.000000e-01  5.000000e-01  3.541611e-14   52
  4.312500e+00  5.000000e-01  5.000000e-01  3.286260e-14   53
  4.375000e+00  5.000000e-01  5.000000e-01  3.042011e-14   54
  4.437500e+00  5.000000e-01  5.000000e-01  2.775558e-14   55
  4.500000e+00  5.000000e-01  5.000000e-01  2.464695e-14   56
  4.562500e+00  5.000000e-01  5.000000e-01  2.209344e-14   57
  4.625000e+00  5.000000e-01  5.000000e-01  1.876277e-14   58
  4.687500e+00  5.000000e-01  5.000000e-01  1.576517e-14   59
  4.750000e+00  5.000000e-01  5.000000e-01  1.298961e-14   60
  4.812500e+00  5.000000e-01  5.000000e-01  1.032507e-14   61
  4.875000e+00  5.000000e-01  5.000000e-01  6.994405e-15   62
  4.937500e+00  5.000000e-01  5.000000e-01  3.996803e-15   63
  5.000000e+00  5.000000e-01  5.000000e-01  1.110223e-15   64
||u-u*||/||u*|| = 8.875559e-14
||u-u*||3.577852e-13

t = 0.750000
             x          prec          calc          diff    n
  1.000000e+00  7.500000e-01  7.500000e-01  8.881784e-16    0
  1.062500e+00  7.500000e-01  7.500000e-01  1.110223e-16    1
  1.125000e+00  7.500000e-01  7.500000e-01  8.881784e-16    2
  1.187500e+00  7.500000e-01  7.500000e-01  1.887379e-15    3
  1.250000e+00  7.500000e-01  7.500000e-01  1.554312e-15    4
  1.312500e+00  7.500000e-01  7.500000e-01  1.554312e-15    5
  1.375000e+00  7.500000e-01  7.500000e-01  1.665335e-15    6
  1.437500e+00  7.500000e-01  7.500000e-01  2.220446e-15    7
  1.500000e+00  7.500000e-01  7.500000e-01  2.331468e-15    8
  1.562500e+00  7.500000e-01  7.500000e-01  2.331468e-15    9
  1.625000e+00  7.500000e-01  7.500000e-01  2.109424e-15   10
  1.687500e+00  7.500000e-01  7.500000e-01  3.108624e-15   11
  1.750000e+00  7.500000e-01  7.500000e-01  3.552714e-15   12
  1.812500e+00  7.500000e-01  7.500000e-01  3.552714e-15   13
  1.875000e+00  7.500000e-01  7.500000e-01  4.440892e-15   14
  1.937500e+00  7.500000e-01  7.500000e-01  4.218847e-15   15
  2.000000e+00  7.500000e-01  7.500000e-01  4.218847e-15   16
  2.062500e+00  7.500000e-01  7.500000e-01  4.996004e-15   17
  2.125000e+00  7.500000e-01  7.500000e-01  5.218048e-15   18
  2.187500e+00  7.500000e-01  7.500000e-01  4.662937e-15   19
  2.250000e+00  7.500000e-01  7.500000e-01  5.329071e-15   20
  2.312500e+00  7.500000e-01  7.500000e-01  5.884182e-15   21
  2.375000e+00  7.500000e-01  7.500000e-01  5.884182e-15   22
  2.437500e+00  7.500000e-01  7.500000e-01  5.995204e-15   23
  2.500000e+00  7.500000e-01  7.500000e-01  6.550316e-15   24
  2.562500e+00  7.500000e-01  7.500000e-01  6.772360e-15   25
  2.625000e+00  7.500000e-01  7.500000e-01  6.439294e-15   26
  2.687500e+00  7.500000e-01  7.500000e-01  7.438494e-15   27
  2.750000e+00  7.500000e-01  7.500000e-01  6.883383e-15   28
  2.812500e+00  7.500000e-01  7.500000e-01  7.660539e-15   29
  2.875000e+00  7.500000e-01  7.500000e-01  8.326673e-15   30
  2.937500e+00  7.500000e-01  7.500000e-01  7.771561e-15   31
  3.000000e+00  7.500000e-01  7.500000e-01  8.215650e-15   32
  3.062500e+00  7.500000e-01  7.500000e-01  8.437695e-15   33
  3.125000e+00  7.500000e-01  7.500000e-01  8.104628e-15   34
  3.187500e+00  7.500000e-01  7.500000e-01  8.659740e-15   35
  3.250000e+00  7.500000e-01  7.500000e-01  8.659740e-15   36
  3.312500e+00  7.500000e-01  7.500000e-01  8.437695e-15   37
  3.375000e+00  7.500000e-01  7.500000e-01  8.326673e-15   38
  3.437500e+00  7.500000e-01  7.500000e-01  8.548717e-15   39
  3.500000e+00  7.500000e-01  7.500000e-01  8.326673e-15   40
  3.562500e+00  7.500000e-01  7.500000e-01  8.104628e-15   41
  3.625000e+00  7.500000e-01  7.500000e-01  7.993606e-15   42
  3.687500e+00  7.500000e-01  7.500000e-01  7.771561e-15   43
  3.750000e+00  7.500000e-01  7.500000e-01  7.771561e-15   44
  3.812500e+00  7.500000e-01  7.500000e-01  7.771561e-15   45
  3.875000e+00  7.500000e-01  7.500000e-01  7.216450e-15   46
  3.937500e+00  7.500000e-01  7.500000e-01  7.438494e-15   47
  4.000000e+00  7.500000e-01  7.500000e-01  6.883383e-15   48
  4.062500e+00  7.500000e-01  7.500000e-01  6.328271e-15   49
  4.125000e+00  7.500000e-01  7.500000e-01  6.994405e-15   50
  4.187500e+00  7.500000e-01  7.500000e-01  6.328271e-15   51
  4.250000e+00  7.500000e-01  7.500000e-01  5.440093e-15   52
  4.312500e+00  7.500000e-01  7.500000e-01  5.662137e-15   53
  4.375000e+00  7.500000e-01  7.500000e-01  5.218048e-15   54
  4.437500e+00  7.500000e-01  7.500000e-01  5.440093e-15   55
  4.500000e+00  7.500000e-01  7.500000e-01  4.218847e-15   56
  4.562500e+00  7.500000e-01  7.500000e-01  3.663736e-15   57
  4.625000e+00  7.500000e-01  7.500000e-01  3.330669e-15   58
  4.687500e+00  7.500000e-01  7.500000e-01  2.775558e-15   59
  4.750000e+00  7.500000e-01  7.500000e-01  2.220446e-15   60
  4.812500e+00  7.500000e-01  7.500000e-01  2.109424e-15   61
  4.875000e+00  7.500000e-01  7.500000e-01  1.887379e-15   62
  4.937500e+00  7.500000e-01  7.500000e-01  8.881784e-16   63
  5.000000e+00  7.500000e-01  7.500000e-01  1.221245e-15   64
||u-u*||/||u*|| = 7.699867e-15
||u-u*||4.655874e-14

t = 1.000000
             x          prec          calc          diff    n
  1.000000e+00  1.000000e+00  1.000000e+00  3.108624e-15    0
  1.062500e+00  1.000000e+00  1.000000e+00  1.088019e-14    1
  1.125000e+00  1.000000e+00  1.000000e+00  1.465494e-14    2
  1.187500e+00  1.000000e+00  1.000000e+00  1.998401e-14    3
  1.250000e+00  1.000000e+00  1.000000e+00  2.597922e-14    4
  1.312500e+00  1.000000e+00  1.000000e+00  3.219647e-14    5
  1.375000e+00  1.000000e+00  1.000000e+00  3.796963e-14    6
  1.437500e+00  1.000000e+00  1.000000e+00  4.352074e-14    7
  1.500000e+00  1.000000e+00  1.000000e+00  4.840572e-14    8
  1.562500e+00  1.000000e+00  1.000000e+00  5.306866e-14    9
  1.625000e+00  1.000000e+00  1.000000e+00  5.950795e-14   10
  1.687500e+00  1.000000e+00  1.000000e+00  6.417089e-14   11
  1.750000e+00  1.000000e+00  1.000000e+00  6.883383e-14   12
  1.812500e+00  1.000000e+00  1.000000e+00  7.416290e-14   13
  1.875000e+00  1.000000e+00  1.000000e+00  7.860379e-14   14
  1.937500e+00  1.000000e+00  1.000000e+00  8.371082e-14   15
  2.000000e+00  1.000000e+00  1.000000e+00  8.726353e-14   16
  2.062500e+00  1.000000e+00  1.000000e+00  9.281464e-14   17
  2.125000e+00  1.000000e+00  1.000000e+00  9.503509e-14   18
  2.187500e+00  1.000000e+00  1.000000e+00  9.969803e-14   19
  2.250000e+00  1.000000e+00  1.000000e+00  1.034728e-13   20
  2.312500e+00  1.000000e+00  1.000000e+00  1.070255e-13   21
  2.375000e+00  1.000000e+00  1.000000e+00  1.103562e-13   22
  2.437500e+00  1.000000e+00  1.000000e+00  1.125766e-13   23
  2.500000e+00  1.000000e+00  1.000000e+00  1.150191e-13   24
  2.562500e+00  1.000000e+00  1.000000e+00  1.183498e-13   25
  2.625000e+00  1.000000e+00  1.000000e+00  1.207923e-13   26
  2.687500e+00  1.000000e+00  1.000000e+00  1.216804e-13   27
  2.750000e+00  1.000000e+00  1.000000e+00  1.239009e-13   28
  2.812500e+00  1.000000e+00  1.000000e+00  1.250111e-13   29
  2.875000e+00  1.000000e+00  1.000000e+00  1.252332e-13   30
  2.937500e+00  1.000000e+00  1.000000e+00  1.254552e-13   31
  3.000000e+00  1.000000e+00  1.000000e+00  1.258993e-13   32
  3.062500e+00  1.000000e+00  1.000000e+00  1.263434e-13   33
  3.125000e+00  1.000000e+00  1.000000e+00  1.261213e-13   34
  3.187500e+00  1.000000e+00  1.000000e+00  1.250111e-13   35
  3.250000e+00  1.000000e+00  1.000000e+00  1.241229e-13   36
  3.312500e+00  1.000000e+00  1.000000e+00  1.236788e-13   37
  3.375000e+00  1.000000e+00  1.000000e+00  1.230127e-13   38
  3.437500e+00  1.000000e+00  1.000000e+00  1.199041e-13   39
  3.500000e+00  1.000000e+00  1.000000e+00  1.185718e-13   40
  3.562500e+00  1.000000e+00  1.000000e+00  1.167955e-13   41
  3.625000e+00  1.000000e+00  1.000000e+00  1.110223e-13   42
  3.687500e+00  1.000000e+00  1.000000e+00  1.105782e-13   43
  3.750000e+00  1.000000e+00  1.000000e+00  1.061373e-13   44
  3.812500e+00  1.000000e+00  1.000000e+00  1.030287e-13   45
  3.875000e+00  1.000000e+00  1.000000e+00  9.903189e-14   46
  3.937500e+00  1.000000e+00  1.000000e+00  9.414691e-14   47
  4.000000e+00  1.000000e+00  1.000000e+00  9.148238e-14   48
  4.062500e+00  1.000000e+00  1.000000e+00  8.637535e-14   49
  4.125000e+00  1.000000e+00  1.000000e+00  8.038015e-14   50
  4.187500e+00  1.000000e+00  1.000000e+00  7.638334e-14   51
  4.250000e+00  1.000000e+00  1.000000e+00  7.083223e-14   52
  4.312500e+00  1.000000e+00  1.000000e+00  6.572520e-14   53
  4.375000e+00  1.000000e+00  1.000000e+00  6.084022e-14   54
  4.437500e+00  1.000000e+00  1.000000e+00  5.551115e-14   55
  4.500000e+00  1.000000e+00  1.000000e+00  4.929390e-14   56
  4.562500e+00  1.000000e+00  1.000000e+00  4.418688e-14   57
  4.625000e+00  1.000000e+00  1.000000e+00  3.752554e-14   58
  4.687500e+00  1.000000e+00  1.000000e+00  3.153033e-14   59
  4.750000e+00  1.000000e+00  1.000000e+00  2.597922e-14   60
  4.812500e+00  1.000000e+00  1.000000e+00  2.065015e-14   61
  4.875000e+00  1.000000e+00  1.000000e+00  1.398881e-14   62
  4.937500e+00  1.000000e+00  1.000000e+00  7.993606e-15   63
  5.000000e+00  1.000000e+00  1.000000e+00  2.220446e-15   64
||u-u*||/||u*|| = 8.875559e-14
||u-u*||7.155704e-13

t = 1.250000
             x          prec          calc          diff    n
  1.000000e+00  1.250000e+00  1.250000e+00  1.776357e-15    0
  1.062500e+00  1.250000e+00  1.250000e+00  2.442491e-15    1
  1.125000e+00  1.250000e+00  1.250000e+00  6.217249e-15    2
  1.187500e+00  1.250000e+00  1.250000e+00  6.439294e-15    3
  1.250000e+00  1.250000e+00  1.250000e+00  8.881784e-15    4
  1.312500e+00  1.250000e+00  1.250000e+00  9.992007e-15    5
  1.375000e+00  1.250000e+00  1.250000e+00  1.332268e-14    6
  1.437500e+00  1.250000e+00  1.250000e+00  1.487699e-14    7
  1.500000e+00  1.250000e+00  1.250000e+00  1.665335e-14    8
  1.562500e+00  1.250000e+00  1.250000e+00  1.798561e-14    9
  1.625000e+00  1.250000e+00  1.250000e+00  2.042810e-14   10
  1.687500e+00  1.250000e+00  1.250000e+00  2.176037e-14   11
  1.750000e+00  1.250000e+00  1.250000e+00  2.309264e-14   12
  1.812500e+00  1.250000e+00  1.250000e+00  2.597922e-14   13
  1.875000e+00  1.250000e+00  1.250000e+00  2.531308e-14   14
  1.937500e+00  1.250000e+00  1.250000e+00  2.908784e-14   15
  2.000000e+00  1.250000e+00  1.250000e+00  2.953193e-14   16
  2.062500e+00  1.250000e+00  1.250000e+00  3.197442e-14   17
  2.125000e+00  1.250000e+00  1.250000e+00  3.264056e-14   18
  2.187500e+00  1.250000e+00  1.250000e+00  3.375078e-14   19
  2.250000e+00  1.250000e+00  1.250000e+00  3.352874e-14   20
  2.312500e+00  1.250000e+00  1.250000e+00  3.530509e-14   21
  2.375000e+00  1.250000e+00  1.250000e+00  3.641532e-14   22
  2.437500e+00  1.250000e+00  1.250000e+00  3.863576e-14   23
  2.500000e+00  1.250000e+00  1.250000e+00  3.841372e-14   24
  2.562500e+00  1.250000e+00  1.250000e+00  3.952394e-14   25
  2.625000e+00  1.250000e+00  1.250000e+00  3.907985e-14   26
  2.687500e+00  1.250000e+00  1.250000e+00  4.130030e-14   27
  2.750000e+00  1.250000e+00  1.250000e+00  4.041212e-14   28
  2.812500e+00  1.250000e+00  1.250000e+00  4.218847e-14   29
  2.875000e+00  1.250000e+00  1.250000e+00  4.174439e-14   30
  2.937500e+00  1.250000e+00  1.250000e+00  4.196643e-14   31
  3.000000e+00  1.250000e+00  1.250000e+00  4.418688e-14   32
  3.062500e+00  1.250000e+00  1.250000e+00  4.241052e-14   33
  3.125000e+00  1.250000e+00  1.250000e+00  4.529710e-14   34
  3.187500e+00  1.250000e+00  1.250000e+00  4.440892e-14   35
  3.250000e+00  1.250000e+00  1.250000e+00  4.307665e-14   36
  3.312500e+00  1.250000e+00  1.250000e+00  4.374279e-14   37
  3.375000e+00  1.250000e+00  1.250000e+00  4.329870e-14   38
  3.437500e+00  1.250000e+00  1.250000e+00  4.241052e-14   39
  3.500000e+00  1.250000e+00  1.250000e+00  4.396483e-14   40
  3.562500e+00  1.250000e+00  1.250000e+00  4.152234e-14   41
  3.625000e+00  1.250000e+00  1.250000e+00  4.107825e-14   42
  3.687500e+00  1.250000e+00  1.250000e+00  3.952394e-14   43
  3.750000e+00  1.250000e+00  1.250000e+00  3.952394e-14   44
  3.812500e+00  1.250000e+00  1.250000e+00  3.730349e-14   45
  3.875000e+00  1.250000e+00  1.250000e+00  3.641532e-14   46
  3.937500e+00  1.250000e+00  1.250000e+00  3.597123e-14   47
  4.000000e+00  1.250000e+00  1.250000e+00  3.330669e-14   48
  4.062500e+00  1.250000e+00  1.250000e+00  3.219647e-14   49
  4.125000e+00  1.250000e+00  1.250000e+00  3.175238e-14   50
  4.187500e+00  1.250000e+00  1.250000e+00  2.775558e-14   51
  4.250000e+00  1.250000e+00  1.250000e+00  2.708944e-14   52
  4.312500e+00  1.250000e+00  1.250000e+00  2.686740e-14   53
  4.375000e+00  1.250000e+00  1.250000e+00  2.509104e-14   54
  4.437500e+00  1.250000e+00  1.250000e+00  2.353673e-14   55
  4.500000e+00  1.250000e+00  1.250000e+00  2.087219e-14   56
  4.562500e+00  1.250000e+00  1.250000e+00  1.776357e-14   57
  4.625000e+00  1.250000e+00  1.250000e+00  1.554312e-14   58
  4.687500e+00  1.250000e+00  1.250000e+00  1.398881e-14   59
  4.750000e+00  1.250000e+00  1.250000e+00  1.132427e-14   60
  4.812500e+00  1.250000e+00  1.250000e+00  8.215650e-15   61
  4.875000e+00  1.250000e+00  1.250000e+00  6.661338e-15   62
  4.937500e+00  1.250000e+00  1.250000e+00  6.217249e-15   63
  5.000000e+00  1.250000e+00  1.250000e+00  2.220446e-15   64
||u-u*||/||u*|| = 2.491846e-14
||u-u*||2.511238e-13

t = 1.500000
             x          prec          calc          diff    n
  1.000000e+00  1.500000e+00  1.500000e+00  1.776357e-15    0
  1.062500e+00  1.500000e+00  1.500000e+00  2.220446e-16    1
  1.125000e+00  1.500000e+00  1.500000e+00  1.776357e-15    2
  1.187500e+00  1.500000e+00  1.500000e+00  3.774758e-15    3
  1.250000e+00  1.500000e+00  1.500000e+00  3.108624e-15    4
  1.312500e+00  1.500000e+00  1.500000e+00  3.108624e-15    5
  1.375000e+00  1.500000e+00  1.500000e+00  3.330669e-15    6
  1.437500e+00  1.500000e+00  1.500000e+00  4.440892e-15    7
  1.500000e+00  1.500000e+00  1.500000e+00  4.662937e-15    8
  1.562500e+00  1.500000e+00  1.500000e+00  4.662937e-15    9
  1.625000e+00  1.500000e+00  1.500000e+00  4.218847e-15   10
  1.687500e+00  1.500000e+00  1.500000e+00  6.217249e-15   11
  1.750000e+00  1.500000e+00  1.500000e+00  7.105427e-15   12
  1.812500e+00  1.500000e+00  1.500000e+00  7.105427e-15   13
  1.875000e+00  1.500000e+00  1.500000e+00  8.881784e-15   14
  1.937500e+00  1.500000e+00  1.500000e+00  8.437695e-15   15
  2.000000e+00  1.500000e+00  1.500000e+00  8.437695e-15   16
  2.062500e+00  1.500000e+00  1.500000e+00  9.992007e-15   17
  2.125000e+00  1.500000e+00  1.500000e+00  1.043610e-14   18
  2.187500e+00  1.500000e+00  1.500000e+00  9.325873e-15   19
  2.250000e+00  1.500000e+00  1.500000e+00  1.065814e-14   20
  2.312500e+00  1.500000e+00  1.500000e+00  1.176836e-14   21
  2.375000e+00  1.500000e+00  1.500000e+00  1.176836e-14   22
  2.437500e+00  1.500000e+00  1.500000e+00  1.199041e-14   23
  2.500000e+00  1.500000e+00  1.500000e+00  1.310063e-14   24
  2.562500e+00  1.500000e+00  1.500000e+00  1.354472e-14   25
  2.625000e+00  1.500000e+00  1.500000e+00  1.287859e-14   26
  2.687500e+00  1.500000e+00  1.500000e+00  1.487699e-14   27
  2.750000e+00  1.500000e+00  1.500000e+00  1.376677e-14   28
  2.812500e+00  1.500000e+00  1.500000e+00  1.532108e-14   29
  2.875000e+00  1.500000e+00  1.500000e+00  1.665335e-14   30
  2.937500e+00  1.500000e+00  1.500000e+00  1.554312e-14   31
  3.000000e+00  1.500000e+00  1.500000e+00  1.643130e-14   32
  3.062500e+00  1.500000e+00  1.500000e+00  1.687539e-14   33
  3.125000e+00  1.500000e+00  1.500000e+00  1.620926e-14   34
  3.187500e+00  1.500000e+00  1.500000e+00  1.731948e-14   35
  3.250000e+00  1.500000e+00  1.500000e+00  1.731948e-14   36
  3.312500e+00  1.500000e+00  1.500000e+00  1.687539e-14   37
  3.375000e+00  1.500000e+00  1.500000e+00  1.665335e-14   38
  3.437500e+00  1.500000e+00  1.500000e+00  1.709743e-14   39
  3.500000e+00  1.500000e+00  1.500000e+00  1.665335e-14   40
  3.562500e+00  1.500000e+00  1.500000e+00  1.620926e-14   41
  3.625000e+00  1.500000e+00  1.500000e+00  1.598721e-14   42
  3.687500e+00  1.500000e+00  1.500000e+00  1.554312e-14   43
  3.750000e+00  1.500000e+00  1.500000e+00  1.554312e-14   44
  3.812500e+00  1.500000e+00  1.500000e+00  1.554312e-14   45
  3.875000e+00  1.500000e+00  1.500000e+00  1.443290e-14   46
  3.937500e+00  1.500000e+00  1.500000e+00  1.487699e-14   47
  4.000000e+00  1.500000e+00  1.500000e+00  1.376677e-14   48
  4.062500e+00  1.500000e+00  1.500000e+00  1.265654e-14   49
  4.125000e+00  1.500000e+00  1.500000e+00  1.398881e-14   50
  4.187500e+00  1.500000e+00  1.500000e+00  1.265654e-14   51
  4.250000e+00  1.500000e+00  1.500000e+00  1.088019e-14   52
  4.312500e+00  1.500000e+00  1.500000e+00  1.132427e-14   53
  4.375000e+00  1.500000e+00  1.500000e+00  1.043610e-14   54
  4.437500e+00  1.500000e+00  1.500000e+00  1.088019e-14   55
  4.500000e+00  1.500000e+00  1.500000e+00  8.437695e-15   56
  4.562500e+00  1.500000e+00  1.500000e+00  7.327472e-15   57
  4.625000e+00  1.500000e+00  1.500000e+00  6.661338e-15   58
  4.687500e+00  1.500000e+00  1.500000e+00  5.551115e-15   59
  4.750000e+00  1.500000e+00  1.500000e+00  4.440892e-15   60
  4.812500e+00  1.500000e+00  1.500000e+00  4.218847e-15   61
  4.875000e+00  1.500000e+00  1.500000e+00  3.774758e-15   62
  4.937500e+00  1.500000e+00  1.500000e+00  1.776357e-15   63
  5.000000e+00  1.500000e+00  1.500000e+00  2.442491e-15   64
||u-u*||/||u*|| = 7.699867e-15
||u-u*||9.311747e-14

t = 1.750000
             x          prec          calc          diff    n
  1.000000e+00  1.750000e+00  1.750000e+00  2.442491e-15    0
  1.062500e+00  1.750000e+00  1.750000e+00  4.440892e-15    1
  1.125000e+00  1.750000e+00  1.750000e+00  7.549517e-15    2
  1.187500e+00  1.750000e+00  1.750000e+00  9.769963e-15    3
  1.250000e+00  1.750000e+00  1.750000e+00  1.199041e-14    4
  1.312500e+00  1.750000e+00  1.750000e+00  1.465494e-14    5
  1.375000e+00  1.750000e+00  1.750000e+00  1.665335e-14    6
  1.437500e+00  1.750000e+00  1.750000e+00  2.042810e-14    7
  1.500000e+00  1.750000e+00  1.750000e+00  2.309264e-14    8
  1.562500e+00  1.750000e+00  1.750000e+00  2.597922e-14    9
  1.625000e+00  1.750000e+00  1.750000e+00  2.686740e-14   10
  1.687500e+00  1.750000e+00  1.750000e+00  2.797762e-14   11
  1.750000e+00  1.750000e+00  1.750000e+00  3.086420e-14   12
  1.812500e+00  1.750000e+00  1.750000e+00  3.375078e-14   13
  1.875000e+00  1.750000e+00  1.750000e+00  3.397282e-14   14
  1.937500e+00  1.750000e+00  1.750000e+00  3.730349e-14   15
  2.000000e+00  1.750000e+00  1.750000e+00  3.996803e-14   16
  2.062500e+00  1.750000e+00  1.750000e+00  4.041212e-14   17
  2.125000e+00  1.750000e+00  1.750000e+00  4.130030e-14   18
  2.187500e+00  1.750000e+00  1.750000e+00  4.440892e-14   19
  2.250000e+00  1.750000e+00  1.750000e+00  4.618528e-14   20
  2.312500e+00  1.750000e+00  1.750000e+00  4.751755e-14   21
  2.375000e+00  1.750000e+00  1.750000e+00  4.818368e-14   22
  2.437500e+00  1.750000e+00  1.750000e+00  4.862777e-14   23
  2.500000e+00  1.750000e+00  1.750000e+00  5.062617e-14   24
  2.562500e+00  1.750000e+00  1.750000e+00  5.151435e-14   25
  2.625000e+00  1.750000e+00  1.750000e+00  5.373479e-14   26
  2.687500e+00  1.750000e+00  1.750000e+00  5.151435e-14   27
  2.750000e+00  1.750000e+00  1.750000e+00  5.262457e-14   28
  2.812500e+00  1.750000e+00  1.750000e+00  5.462297e-14   29
  2.875000e+00  1.750000e+00  1.750000e+00  5.306866e-14   30
  2.937500e+00  1.750000e+00  1.750000e+00  5.351275e-14   31
  3.000000e+00  1.750000e+00  1.750000e+00  5.329071e-14   32
  3.062500e+00  1.750000e+00  1.750000e+00  5.329071e-14   33
  3.125000e+00  1.750000e+00  1.750000e+00  5.107026e-14   34
  3.187500e+00  1.750000e+00  1.750000e+00  5.262457e-14   35
  3.250000e+00  1.750000e+00  1.750000e+00  5.018208e-14   36
  3.312500e+00  1.750000e+00  1.750000e+00  5.040413e-14   37
  3.375000e+00  1.750000e+00  1.750000e+00  4.929390e-14   38
  3.437500e+00  1.750000e+00  1.750000e+00  4.840572e-14   39
  3.500000e+00  1.750000e+00  1.750000e+00  4.685141e-14   40
  3.562500e+00  1.750000e+00  1.750000e+00  4.618528e-14   41
  3.625000e+00  1.750000e+00  1.750000e+00  4.374279e-14   42
  3.687500e+00  1.750000e+00  1.750000e+00  4.174439e-14   43
  3.750000e+00  1.750000e+00  1.750000e+00  4.019007e-14   44
  3.812500e+00  1.750000e+00  1.750000e+00  3.885781e-14   45
  3.875000e+00  1.750000e+00  1.750000e+00  3.774758e-14   46
  3.937500e+00  1.750000e+00  1.750000e+00  3.597123e-14   47
  4.000000e+00  1.750000e+00  1.750000e+00  3.508305e-14   48
  4.062500e+00  1.750000e+00  1.750000e+00  3.264056e-14   49
  4.125000e+00  1.750000e+00  1.750000e+00  2.864375e-14   50
  4.187500e+00  1.750000e+00  1.750000e+00  2.864375e-14   51
  4.250000e+00  1.750000e+00  1.750000e+00  2.753353e-14   52
  4.312500e+00  1.750000e+00  1.750000e+00  2.353673e-14   53
  4.375000e+00  1.750000e+00  1.750000e+00  2.353673e-14   54
  4.437500e+00  1.750000e+00  1.750000e+00  2.109424e-14   55
  4.500000e+00  1.750000e+00  1.750000e+00  1.909584e-14   56
  4.562500e+00  1.750000e+00  1.750000e+00  1.665335e-14   57
  4.625000e+00  1.750000e+00  1.750000e+00  1.620926e-14   58
  4.687500e+00  1.750000e+00  1.750000e+00  1.376677e-14   59
  4.750000e+00  1.750000e+00  1.750000e+00  1.088019e-14   60
  4.812500e+00  1.750000e+00  1.750000e+00  7.993606e-15   61
  4.875000e+00  1.750000e+00  1.750000e+00  4.662937e-15   62
  4.937500e+00  1.750000e+00  1.750000e+00  3.552714e-15   63
  5.000000e+00  1.750000e+00  1.750000e+00  1.554312e-15   64
||u-u*||/||u*|| = 2.114902e-14
||u-u*||2.983904e-13

t = 2.000000
             x          prec          calc          diff    n
  1.000000e+00  2.000000e+00  2.000000e+00  6.217249e-15    0
  1.062500e+00  2.000000e+00  2.000000e+00  2.176037e-14    1
  1.125000e+00  2.000000e+00  2.000000e+00  2.930989e-14    2
  1.187500e+00  2.000000e+00  2.000000e+00  3.996803e-14    3
  1.250000e+00  2.000000e+00  2.000000e+00  5.195844e-14    4
  1.312500e+00  2.000000e+00  2.000000e+00  6.439294e-14    5
  1.375000e+00  2.000000e+00  2.000000e+00  7.593925e-14    6
  1.437500e+00  2.000000e+00  2.000000e+00  8.704149e-14    7
  1.500000e+00  2.000000e+00  2.000000e+00  9.681145e-14    8
  1.562500e+00  2.000000e+00  2.000000e+00  1.061373e-13    9
  1.625000e+00  2.000000e+00  2.000000e+00  1.190159e-13   10
  1.687500e+00  2.000000e+00  2.000000e+00  1.283418e-13   11
  1.750000e+00  2.000000e+00  2.000000e+00  1.376677e-13   12
  1.812500e+00  2.000000e+00  2.000000e+00  1.483258e-13   13
  1.875000e+00  2.000000e+00  2.000000e+00  1.572076e-13   14
  1.937500e+00  2.000000e+00  2.000000e+00  1.674216e-13   15
  2.000000e+00  2.000000e+00  2.000000e+00  1.745271e-13   16
  2.062500e+00  2.000000e+00  2.000000e+00  1.856293e-13   17
  2.125000e+00  2.000000e+00  2.000000e+00  1.900702e-13   18
  2.187500e+00  2.000000e+00  2.000000e+00  1.993961e-13   19
  2.250000e+00  2.000000e+00  2.000000e+00  2.069456e-13   20
  2.312500e+00  2.000000e+00  2.000000e+00  2.140510e-13   21
  2.375000e+00  2.000000e+00  2.000000e+00  2.207123e-13   22
  2.437500e+00  2.000000e+00  2.000000e+00  2.251532e-13   23
  2.500000e+00  2.000000e+00  2.000000e+00  2.300382e-13   24
  2.562500e+00  2.000000e+00  2.000000e+00  2.366995e-13   25
  2.625000e+00  2.000000e+00  2.000000e+00  2.415845e-13   26
  2.687500e+00  2.000000e+00  2.000000e+00  2.433609e-13   27
  2.750000e+00  2.000000e+00  2.000000e+00  2.478018e-13   28
  2.812500e+00  2.000000e+00  2.000000e+00  2.500222e-13   29
  2.875000e+00  2.000000e+00  2.000000e+00  2.504663e-13   30
  2.937500e+00  2.000000e+00  2.000000e+00  2.509104e-13   31
  3.000000e+00  2.000000e+00  2.000000e+00  2.517986e-13   32
  3.062500e+00  2.000000e+00  2.000000e+00  2.526868e-13   33
  3.125000e+00  2.000000e+00  2.000000e+00  2.522427e-13   34
  3.187500e+00  2.000000e+00  2.000000e+00  2.500222e-13   35
  3.250000e+00  2.000000e+00  2.000000e+00  2.482459e-13   36
  3.312500e+00  2.000000e+00  2.000000e+00  2.473577e-13   37
  3.375000e+00  2.000000e+00  2.000000e+00  2.460254e-13   38
  3.437500e+00  2.000000e+00  2.000000e+00  2.398082e-13   39
  3.500000e+00  2.000000e+00  2.000000e+00  2.371436e-13   40
  3.562500e+00  2.000000e+00  2.000000e+00  2.335909e-13   41
  3.625000e+00  2.000000e+00  2.000000e+00  2.220446e-13   42
  3.687500e+00  2.000000e+00  2.000000e+00  2.211564e-13   43
  3.750000e+00  2.000000e+00  2.000000e+00  2.122746e-13   44
  3.812500e+00  2.000000e+00  2.000000e+00  2.060574e-13   45
  3.875000e+00  2.000000e+00  2.000000e+00  1.980638e-13   46
  3.937500e+00  2.000000e+00  2.000000e+00  1.882938e-13   47
  4.000000e+00  2.000000e+00  2.000000e+00  1.829648e-13   48
  4.062500e+00  2.000000e+00  2.000000e+00  1.727507e-13   49
  4.125000e+00  2.000000e+00  2.000000e+00  1.607603e-13   50
  4.187500e+00  2.000000e+00  2.000000e+00  1.527667e-13   51
  4.250000e+00  2.000000e+00  2.000000e+00  1.416645e-13   52
  4.312500e+00  2.000000e+00  2.000000e+00  1.314504e-13   53
  4.375000e+00  2.000000e+00  2.000000e+00  1.216804e-13   54
  4.437500e+00  2.000000e+00  2.000000e+00  1.110223e-13   55
  4.500000e+00  2.000000e+00  2.000000e+00  9.858780e-14   56
  4.562500e+00  2.000000e+00  2.000000e+00  8.837375e-14   57
  4.625000e+00  2.000000e+00  2.000000e+00  7.505108e-14   58
  4.687500e+00  2.000000e+00  2.000000e+00  6.306067e-14   59
  4.750000e+00  2.000000e+00  2.000000e+00  5.195844e-14   60
  4.812500e+00  2.000000e+00  2.000000e+00  4.130030e-14   61
  4.875000e+00  2.000000e+00  2.000000e+00  2.797762e-14   62
  4.937500e+00  2.000000e+00  2.000000e+00  1.598721e-14   63
  5.000000e+00  2.000000e+00  2.000000e+00  4.440892e-15   64
||u-u*||/||u*|| = 8.875559e-14
||u-u*||1.431141e-12

